-36.830135 -73.0367332 sistemas 2
-36.830287 -73.037456 fingenieria 3
-36.828529 -73.037180 campanil 3
-36.827933 -73.036070 lagunapatos 1
-36.829128 -73.037491 fquimica 4
-36.829361 -73.036287 edvirginio 2
-36.831964 -73.035189 biblioteca 3
-36.828619 -73.038008 fderecho 2
-36.828414 -73.038483 humanidades 2
-36.827994 -73.037522 fbiologia 3
-36.828099 -73.037955 ffarmacia 3
-36.827236 -73.039274 pinacoteca 2
-36.826570 -73.037022 cdeporte 3
-36.831687 -73.033960 plato 2
-36.827002 -73.038343 arco 3
-36.827114 -73.037612 anatomia 3
-36.831686 -73.035829 feducacion 2
-36.830685 -73.036950 edtecmec 2
-36.828099 -73.035212 ffismat 1